{"nbformat":4,"nbformat_minor":0,"metadata":{"colab":{"provenance":[],"gpuType":"T4","authorship_tag":"ABX9TyPKvp3fTupHBxM+nI2bru5C"},"kernelspec":{"name":"python3","display_name":"Python 3"},"language_info":{"name":"python"},"accelerator":"GPU","gpuClass":"standard"},"cells":[{"cell_type":"markdown","source":["In this notebook, we are going to cover the most fundamental concepts of tensors using TensorFlow\n","\n","More specifically, we're going to cover:\n","* Introduction to tensors\n","* Getting information from tensors\n","* Manipulating tensors\n","* Tensors & Numpy\n","* using @tf.function (a way to speed up your regular python functions)\n","* Using GPUs with TensorFlow (or TPUs)\n","* Exercises to try for yourself"],"metadata":{"id":"W7eB9ITEhi3C"}},{"cell_type":"markdown","source":["**Introduction to Tensors**"],"metadata":{"id":"9FXLHaDpitNh"}},{"cell_type":"code","source":["# Import TensorFlow\n","\n","import tensorflow as tf\n","print(tf.__version__)"],"metadata":{"colab":{"base_uri":"https://localhost:8080/"},"id":"fQa2dV9Ci46u","executionInfo":{"status":"ok","timestamp":1684853920229,"user_tz":180,"elapsed":5169,"user":{"displayName":"Agustìn Zanini","userId":"13145957333233395927"}},"outputId":"08b0334d-65d2-45a7-ada0-66ca3f2192fe"},"execution_count":1,"outputs":[{"output_type":"stream","name":"stdout","text":["2.12.0\n"]}]},{"cell_type":"code","source":["# create tensors with tf.constant()\n","\n","scalar = tf.constant(7)\n","scalar"],"metadata":{"colab":{"base_uri":"https://localhost:8080/"},"id":"ZFtapnr2jfGF","executionInfo":{"status":"ok","timestamp":1684853920229,"user_tz":180,"elapsed":30,"user":{"displayName":"Agustìn Zanini","userId":"13145957333233395927"}},"outputId":"f11289d3-0b59-4778-cd54-9a38f78528c2"},"execution_count":2,"outputs":[{"output_type":"execute_result","data":{"text/plain":["<tf.Tensor: shape=(), dtype=int32, numpy=7>"]},"metadata":{},"execution_count":2}]},{"cell_type":"code","source":["# Check the number of dimension of a tensor (ndim stands for number of dimensions\n","scalar.ndim"],"metadata":{"colab":{"base_uri":"https://localhost:8080/"},"id":"cHd0tCJCjrVz","executionInfo":{"status":"ok","timestamp":1684853920229,"user_tz":180,"elapsed":25,"user":{"displayName":"Agustìn Zanini","userId":"13145957333233395927"}},"outputId":"15aaa1b1-6d5c-483f-aeda-0dbdbbab29d1"},"execution_count":3,"outputs":[{"output_type":"execute_result","data":{"text/plain":["0"]},"metadata":{},"execution_count":3}]},{"cell_type":"code","source":["# Create a vector\n","vector = tf.constant([10, 10])\n","vector"],"metadata":{"colab":{"base_uri":"https://localhost:8080/"},"id":"gq2OUX6gkn8h","executionInfo":{"status":"ok","timestamp":1684853920230,"user_tz":180,"elapsed":23,"user":{"displayName":"Agustìn Zanini","userId":"13145957333233395927"}},"outputId":"26365871-cef1-438e-e666-419b3c8f6ebc"},"execution_count":4,"outputs":[{"output_type":"execute_result","data":{"text/plain":["<tf.Tensor: shape=(2,), dtype=int32, numpy=array([10, 10], dtype=int32)>"]},"metadata":{},"execution_count":4}]},{"cell_type":"code","source":["# check the dimension of our vector\n","vector.ndim"],"metadata":{"colab":{"base_uri":"https://localhost:8080/"},"id":"x_-rCeSyktjP","executionInfo":{"status":"ok","timestamp":1684853920230,"user_tz":180,"elapsed":19,"user":{"displayName":"Agustìn Zanini","userId":"13145957333233395927"}},"outputId":"a9ff6000-e010-4d64-ec56-8d3377d7854b"},"execution_count":5,"outputs":[{"output_type":"execute_result","data":{"text/plain":["1"]},"metadata":{},"execution_count":5}]},{"cell_type":"code","source":["# create a matrix *has more than 1 dimension)\n","matrix = tf.constant([[10, 7],\n","                     [7, 10]])\n","matrix"],"metadata":{"colab":{"base_uri":"https://localhost:8080/"},"id":"YEmjj7P2lp5Q","executionInfo":{"status":"ok","timestamp":1684853920231,"user_tz":180,"elapsed":18,"user":{"displayName":"Agustìn Zanini","userId":"13145957333233395927"}},"outputId":"d977930f-fba8-41a2-cb21-cbbcdfc1d6ea"},"execution_count":6,"outputs":[{"output_type":"execute_result","data":{"text/plain":["<tf.Tensor: shape=(2, 2), dtype=int32, numpy=\n","array([[10,  7],\n","       [ 7, 10]], dtype=int32)>"]},"metadata":{},"execution_count":6}]},{"cell_type":"code","source":["matrix.ndim"],"metadata":{"colab":{"base_uri":"https://localhost:8080/"},"id":"SKK2_hkPl17k","executionInfo":{"status":"ok","timestamp":1684853920231,"user_tz":180,"elapsed":15,"user":{"displayName":"Agustìn Zanini","userId":"13145957333233395927"}},"outputId":"0e422af1-c9aa-4348-c188-d8c9fb9f1d4c"},"execution_count":7,"outputs":[{"output_type":"execute_result","data":{"text/plain":["2"]},"metadata":{},"execution_count":7}]},{"cell_type":"code","source":["# Create another matrix\n","another_matrix = tf.constant([[10., 7.],\n","                              [3., 2.],\n","                              [8., 9.,]], dtype=tf.float16) # specify the data type with dtype parameter\n","another_matrix"],"metadata":{"colab":{"base_uri":"https://localhost:8080/"},"id":"PqIbFeEhnar-","executionInfo":{"status":"ok","timestamp":1684853920231,"user_tz":180,"elapsed":12,"user":{"displayName":"Agustìn Zanini","userId":"13145957333233395927"}},"outputId":"f378b6f4-04d0-4b5e-e588-cc973d1e0e71"},"execution_count":8,"outputs":[{"output_type":"execute_result","data":{"text/plain":["<tf.Tensor: shape=(3, 2), dtype=float16, numpy=\n","array([[10.,  7.],\n","       [ 3.,  2.],\n","       [ 8.,  9.]], dtype=float16)>"]},"metadata":{},"execution_count":8}]},{"cell_type":"code","source":["another_matrix.ndim"],"metadata":{"colab":{"base_uri":"https://localhost:8080/"},"id":"yOYDhu6DoJpT","executionInfo":{"status":"ok","timestamp":1684853921276,"user_tz":180,"elapsed":1055,"user":{"displayName":"Agustìn Zanini","userId":"13145957333233395927"}},"outputId":"5a97a8e3-18c1-48d5-ab53-dd9d7bc1fcb7"},"execution_count":9,"outputs":[{"output_type":"execute_result","data":{"text/plain":["2"]},"metadata":{},"execution_count":9}]},{"cell_type":"code","source":["# Let's create a tensor\n","tensor = tf.constant([[[1, 2, 3,],\n","                       [4, 5, 6]],\n","                      [[7, 8, 9],\n","                       [10, 11, 12]],\n","                      [[13, 14, 15],\n","                       [16, 17, 18]]])\n","tensor"],"metadata":{"colab":{"base_uri":"https://localhost:8080/"},"id":"mfwJDg8vomlH","executionInfo":{"status":"ok","timestamp":1684853921276,"user_tz":180,"elapsed":27,"user":{"displayName":"Agustìn Zanini","userId":"13145957333233395927"}},"outputId":"7dcd851e-75e9-4d80-fade-b1d7fe629a06"},"execution_count":10,"outputs":[{"output_type":"execute_result","data":{"text/plain":["<tf.Tensor: shape=(3, 2, 3), dtype=int32, numpy=\n","array([[[ 1,  2,  3],\n","        [ 4,  5,  6]],\n","\n","       [[ 7,  8,  9],\n","        [10, 11, 12]],\n","\n","       [[13, 14, 15],\n","        [16, 17, 18]]], dtype=int32)>"]},"metadata":{},"execution_count":10}]},{"cell_type":"code","source":["tensor.ndim"],"metadata":{"colab":{"base_uri":"https://localhost:8080/"},"id":"iAjJZrshqE5D","executionInfo":{"status":"ok","timestamp":1684853921277,"user_tz":180,"elapsed":25,"user":{"displayName":"Agustìn Zanini","userId":"13145957333233395927"}},"outputId":"0d4e5b89-404e-4dd3-8b20-295c17bb87a0"},"execution_count":11,"outputs":[{"output_type":"execute_result","data":{"text/plain":["3"]},"metadata":{},"execution_count":11}]},{"cell_type":"markdown","source":["What we've created so far:\n","* scalar: a single number\n","* vector: a number with direction (e.g sind speed and direction)\n","* matrix: a 2 dimensional array of numbners\n","* tensor: en n dimensional array of numbers (when n can be any numnber, a - dimensional tensor is a scalar, a 1 dimensional tensor is a vector)"],"metadata":{"id":"7G0EBdicq4yU"}},{"cell_type":"markdown","source":["### creating tensors with tf.Variable"],"metadata":{"id":"MC7Ag5bu01B_"}},{"cell_type":"code","source":["# Create the same tensor with tf.Variable() as aboce\n","changeable_tensor = tf.Variable([10, 7])\n","unchangeable_tensor = tf.constant([10, 7])\n","changeable_tensor, unchangeable_tensor"],"metadata":{"colab":{"base_uri":"https://localhost:8080/"},"id":"DdYlPilCqG_V","executionInfo":{"status":"ok","timestamp":1684853921278,"user_tz":180,"elapsed":22,"user":{"displayName":"Agustìn Zanini","userId":"13145957333233395927"}},"outputId":"0e1892fd-0882-497c-e3ea-8d105ad18abe"},"execution_count":12,"outputs":[{"output_type":"execute_result","data":{"text/plain":["(<tf.Variable 'Variable:0' shape=(2,) dtype=int32, numpy=array([10,  7], dtype=int32)>,\n"," <tf.Tensor: shape=(2,), dtype=int32, numpy=array([10,  7], dtype=int32)>)"]},"metadata":{},"execution_count":12}]},{"cell_type":"code","source":["# let's try change one of the elements in our changeable tensor\n","changeable_tensor[0] = 7\n","changeable_tensor"],"metadata":{"colab":{"base_uri":"https://localhost:8080/","height":200},"id":"E8iuTcgE0zim","executionInfo":{"status":"error","timestamp":1684854002989,"user_tz":180,"elapsed":373,"user":{"displayName":"Agustìn Zanini","userId":"13145957333233395927"}},"outputId":"7b984f0b-30ea-496b-c9ee-b963bf9af7c7"},"execution_count":14,"outputs":[{"output_type":"error","ename":"TypeError","evalue":"ignored","traceback":["\u001b[0;31m---------------------------------------------------------------------------\u001b[0m","\u001b[0;31mTypeError\u001b[0m                                 Traceback (most recent call last)","\u001b[0;32m<ipython-input-14-b8d069414e36>\u001b[0m in \u001b[0;36m<cell line: 2>\u001b[0;34m()\u001b[0m\n\u001b[1;32m      1\u001b[0m \u001b[0;31m# let's try change one of the elements in our changeable tensor\u001b[0m\u001b[0;34m\u001b[0m\u001b[0;34m\u001b[0m\u001b[0m\n\u001b[0;32m----> 2\u001b[0;31m \u001b[0mchangeable_tensor\u001b[0m\u001b[0;34m[\u001b[0m\u001b[0;36m0\u001b[0m\u001b[0;34m]\u001b[0m \u001b[0;34m=\u001b[0m \u001b[0;36m7\u001b[0m\u001b[0;34m\u001b[0m\u001b[0;34m\u001b[0m\u001b[0m\n\u001b[0m\u001b[1;32m      3\u001b[0m \u001b[0mchangeable_tensor\u001b[0m\u001b[0;34m\u001b[0m\u001b[0;34m\u001b[0m\u001b[0m\n","\u001b[0;31mTypeError\u001b[0m: 'ResourceVariable' object does not support item assignment"]}]},{"cell_type":"code","source":["# How about we try .assign()\n","changeable_tensor[0].assign(7)\n","changeable_tensor"],"metadata":{"colab":{"base_uri":"https://localhost:8080/"},"id":"V9WZvz0z3RMn","executionInfo":{"status":"ok","timestamp":1684854003306,"user_tz":180,"elapsed":6,"user":{"displayName":"Agustìn Zanini","userId":"13145957333233395927"}},"outputId":"41525cb8-f786-408f-fe46-ded7a3c20795"},"execution_count":15,"outputs":[{"output_type":"execute_result","data":{"text/plain":["<tf.Variable 'Variable:0' shape=(2,) dtype=int32, numpy=array([7, 7], dtype=int32)>"]},"metadata":{},"execution_count":15}]},{"cell_type":"code","source":["# let's try change our unchangeable tensor\n","unchangeable_tensor[0].assign(7)\n","unchangeable_tensor"],"metadata":{"colab":{"base_uri":"https://localhost:8080/","height":356},"id":"faaz-OlA3iTg","executionInfo":{"status":"error","timestamp":1684854009121,"user_tz":180,"elapsed":5,"user":{"displayName":"Agustìn Zanini","userId":"13145957333233395927"}},"outputId":"4d5bcbf5-4c2c-4a64-cdc8-3a3f8ab19bad"},"execution_count":17,"outputs":[{"output_type":"error","ename":"AttributeError","evalue":"ignored","traceback":["\u001b[0;31m---------------------------------------------------------------------------\u001b[0m","\u001b[0;31mAttributeError\u001b[0m                            Traceback (most recent call last)","\u001b[0;32m<ipython-input-17-ee93d0534839>\u001b[0m in \u001b[0;36m<cell line: 2>\u001b[0;34m()\u001b[0m\n\u001b[1;32m      1\u001b[0m \u001b[0;31m# let's try change our unchangeable tensor\u001b[0m\u001b[0;34m\u001b[0m\u001b[0;34m\u001b[0m\u001b[0m\n\u001b[0;32m----> 2\u001b[0;31m \u001b[0munchangeable_tensor\u001b[0m\u001b[0;34m[\u001b[0m\u001b[0;36m0\u001b[0m\u001b[0;34m]\u001b[0m\u001b[0;34m.\u001b[0m\u001b[0massign\u001b[0m\u001b[0;34m(\u001b[0m\u001b[0;36m7\u001b[0m\u001b[0;34m)\u001b[0m\u001b[0;34m\u001b[0m\u001b[0;34m\u001b[0m\u001b[0m\n\u001b[0m\u001b[1;32m      3\u001b[0m \u001b[0munchangeable_tensor\u001b[0m\u001b[0;34m\u001b[0m\u001b[0;34m\u001b[0m\u001b[0m\n","\u001b[0;32m/usr/local/lib/python3.10/dist-packages/tensorflow/python/framework/ops.py\u001b[0m in \u001b[0;36m__getattr__\u001b[0;34m(self, name)\u001b[0m\n\u001b[1;32m    441\u001b[0m         \u001b[0mnp_config\u001b[0m\u001b[0;34m.\u001b[0m\u001b[0menable_numpy_behavior\u001b[0m\u001b[0;34m(\u001b[0m\u001b[0;34m)\u001b[0m\u001b[0;34m\u001b[0m\u001b[0;34m\u001b[0m\u001b[0m\n\u001b[1;32m    442\u001b[0m       \"\"\")\n\u001b[0;32m--> 443\u001b[0;31m     \u001b[0mself\u001b[0m\u001b[0;34m.\u001b[0m\u001b[0m__getattribute__\u001b[0m\u001b[0;34m(\u001b[0m\u001b[0mname\u001b[0m\u001b[0;34m)\u001b[0m\u001b[0;34m\u001b[0m\u001b[0;34m\u001b[0m\u001b[0m\n\u001b[0m\u001b[1;32m    444\u001b[0m \u001b[0;34m\u001b[0m\u001b[0m\n\u001b[1;32m    445\u001b[0m   \u001b[0;34m@\u001b[0m\u001b[0mstaticmethod\u001b[0m\u001b[0;34m\u001b[0m\u001b[0;34m\u001b[0m\u001b[0m\n","\u001b[0;31mAttributeError\u001b[0m: 'tensorflow.python.framework.ops.EagerTensor' object has no attribute 'assign'"]}]},{"cell_type":"markdown","source":["note: rarely in practice will you need to decide whether to use tf.constant or tf.Variable to create tensors, as TensorFlow does this for you. However, in doubt, use tf.constant and change it later if needed."],"metadata":{"id":"3vh4a3nk6NSz"}},{"cell_type":"markdown","source":["### **Creating random tensors**\n","\n","random tensor are tensor of some arbitrary size which contains random numbers"],"metadata":{"id":"LaFmWw8M4Cft"}},{"cell_type":"code","source":["# let's create two random (but the same) tensors\n","random_1 = tf.random.Generator.from_seed(7) # set seed for reproducibility\n","random_1 = random_1.normal(shape=(3, 2))\n","random_2 = tf.random.Generator.from_seed(7)\n","random_2 = random_2.normal(shape=(3, 2))\n","\n","# are they equal?\n","random_1, random_2, random_1 == random_2"],"metadata":{"colab":{"base_uri":"https://localhost:8080/"},"id":"EYY1M-443s_H","executionInfo":{"status":"ok","timestamp":1684854015572,"user_tz":180,"elapsed":313,"user":{"displayName":"Agustìn Zanini","userId":"13145957333233395927"}},"outputId":"e3802af9-528d-468a-cc04-b347cbafc157"},"execution_count":18,"outputs":[{"output_type":"execute_result","data":{"text/plain":["(<tf.Tensor: shape=(3, 2), dtype=float32, numpy=\n"," array([[-1.3240396 ,  0.28785667],\n","        [-0.8757901 , -0.08857018],\n","        [ 0.69211644,  0.84215707]], dtype=float32)>,\n"," <tf.Tensor: shape=(3, 2), dtype=float32, numpy=\n"," array([[-1.3240396 ,  0.28785667],\n","        [-0.8757901 , -0.08857018],\n","        [ 0.69211644,  0.84215707]], dtype=float32)>,\n"," <tf.Tensor: shape=(3, 2), dtype=bool, numpy=\n"," array([[ True,  True],\n","        [ True,  True],\n","        [ True,  True]])>)"]},"metadata":{},"execution_count":18}]},{"cell_type":"markdown","source":["### shuffle the order of elements in a tensor"],"metadata":{"id":"xvWzZuiDR7y6"}},{"cell_type":"code","source":["# suffle a tensor (valuable for when you want to suffle your dat so the inherent order doesn't affect learning)\n","\n","not_shuffled = tf.constant([[10, 7],\n","                            [3, 4],\n","                            [2, 5]])\n","# shuffle our non-shuffled tensor\n","tf.random.shuffle(not_shuffled)"],"metadata":{"colab":{"base_uri":"https://localhost:8080/"},"id":"MYgS_uRiR4Xc","executionInfo":{"status":"ok","timestamp":1684854017752,"user_tz":180,"elapsed":6,"user":{"displayName":"Agustìn Zanini","userId":"13145957333233395927"}},"outputId":"ee61a8f9-631b-4e4c-f8d9-4c56f4cc6f0a"},"execution_count":19,"outputs":[{"output_type":"execute_result","data":{"text/plain":["<tf.Tensor: shape=(3, 2), dtype=int32, numpy=\n","array([[ 2,  5],\n","       [ 3,  4],\n","       [10,  7]], dtype=int32)>"]},"metadata":{},"execution_count":19}]},{"cell_type":"code","source":["# shuffle our non-shuffled tensor\n","tf.random.set_seed(42)\n","tf.random.shuffle(not_shuffled, seed=42)"],"metadata":{"colab":{"base_uri":"https://localhost:8080/"},"id":"xw1WejSeTnsM","executionInfo":{"status":"ok","timestamp":1684854017753,"user_tz":180,"elapsed":6,"user":{"displayName":"Agustìn Zanini","userId":"13145957333233395927"}},"outputId":"ad75e6b4-705e-49cb-96ed-a5ec39ee8cc8"},"execution_count":20,"outputs":[{"output_type":"execute_result","data":{"text/plain":["<tf.Tensor: shape=(3, 2), dtype=int32, numpy=\n","array([[10,  7],\n","       [ 3,  4],\n","       [ 2,  5]], dtype=int32)>"]},"metadata":{},"execution_count":20}]},{"cell_type":"code","source":["not_shuffled"],"metadata":{"colab":{"base_uri":"https://localhost:8080/"},"id":"wSRhhsfSStut","executionInfo":{"status":"ok","timestamp":1684854019278,"user_tz":180,"elapsed":3,"user":{"displayName":"Agustìn Zanini","userId":"13145957333233395927"}},"outputId":"5de1de8d-1300-4ce1-f1fa-440b3e10eb3f"},"execution_count":21,"outputs":[{"output_type":"execute_result","data":{"text/plain":["<tf.Tensor: shape=(3, 2), dtype=int32, numpy=\n","array([[10,  7],\n","       [ 3,  4],\n","       [ 2,  5]], dtype=int32)>"]},"metadata":{},"execution_count":21}]},{"cell_type":"markdown","source":["Exercise: read through TensorFlow decumentation on random seed generation and practice writing 5 random tensors and shuffle them"],"metadata":{"id":"AP9E3hRkUcYd"}},{"cell_type":"code","source":["rand_tensor_1 = tf.random.Generator.from_seed(42)\n","rand_tensor_1 = rand_tensor_1.normal(shape=(5, 5))\n","\n","rand_tensor_2 = tf.random.Generator.from_seed(7)\n","rand_tensor_2 = rand_tensor_2.normal(shape=(5, 5))\n","\n","rand_tensor_3 = tf.random.Generator.from_seed(15)\n","rand_tensor_3 = rand_tensor_3.normal(shape=(5, 5))\n","\n","rand_tensor_4 = tf.random.Generator.from_seed(23)\n","rand_tensor_4 = rand_tensor_4.normal(shape=(5, 5))\n","\n","rand_tensor_5 = tf.random.Generator.from_seed(77)\n","rand_tensor_5 = rand_tensor_5.normal(shape=(5, 5))\n","\n","\n","rand_tensor_1, rand_tensor_2, rand_tensor_3, rand_tensor_4, rand_tensor_5"],"metadata":{"colab":{"base_uri":"https://localhost:8080/"},"id":"cpdbTZTKS5Ih","executionInfo":{"status":"ok","timestamp":1684854021879,"user_tz":180,"elapsed":3,"user":{"displayName":"Agustìn Zanini","userId":"13145957333233395927"}},"outputId":"62d222e1-29eb-4a64-e158-d348882edf64"},"execution_count":22,"outputs":[{"output_type":"execute_result","data":{"text/plain":["(<tf.Tensor: shape=(5, 5), dtype=float32, numpy=\n"," array([[-0.7565803 , -0.06854702,  0.07595026, -1.2573844 , -0.23193763],\n","        [-1.8107855 ,  0.09988727, -0.50998646, -0.7535805 , -0.57166284],\n","        [ 0.1480774 , -0.23362993, -0.3522796 ,  0.40621263, -1.0523509 ],\n","        [ 1.2054597 ,  1.6874489 , -0.4462975 , -2.3410842 ,  0.99009085],\n","        [-0.0876323 , -0.635568  , -0.6161736 , -1.9441465 , -0.48293006]],\n","       dtype=float32)>,\n"," <tf.Tensor: shape=(5, 5), dtype=float32, numpy=\n"," array([[-1.3240396 ,  0.28785667, -0.8757901 , -0.08857018,  0.69211644],\n","        [ 0.84215707, -0.06378496,  0.92800784, -0.6039789 , -0.1766927 ],\n","        [ 0.04221033,  0.29037967, -0.29604465, -0.21134205,  0.01063002],\n","        [ 1.5165398 ,  0.27305737, -0.29925638, -0.3652325 ,  0.61883307],\n","        [-1.0130816 ,  0.28291714,  1.2132233 ,  0.46988967,  0.37944323]],\n","       dtype=float32)>,\n"," <tf.Tensor: shape=(5, 5), dtype=float32, numpy=\n"," array([[ 0.33149973, -0.5445254 ,  1.5222508 ,  0.59303206, -0.63509274],\n","        [ 0.3703566 , -1.0939722 , -0.4601445 ,  1.5420506 , -0.16822556],\n","        [-0.4390865 , -0.4129243 ,  0.35877243, -1.9095894 , -0.2094769 ],\n","        [ 0.8286217 , -0.06695071, -0.35105535,  1.0884082 , -1.3863064 ],\n","        [ 0.88051325, -1.6833194 ,  0.86754173, -0.19625713, -1.322665  ]],\n","       dtype=float32)>,\n"," <tf.Tensor: shape=(5, 5), dtype=float32, numpy=\n"," array([[ 0.1175475 ,  0.03493892, -1.5700307 ,  0.4457582 ,  0.10944034],\n","        [-0.8035768 , -1.7166729 ,  0.3738578 , -0.14371012, -0.34646833],\n","        [ 1.1456194 , -0.416     ,  0.43369916,  1.0241015 , -0.74785167],\n","        [-0.59090924, -1.2060374 ,  0.8307429 ,  1.0951619 ,  1.3672234 ],\n","        [-0.54532146,  1.9302735 , -0.3151453 , -0.8761205 , -2.7316678 ]],\n","       dtype=float32)>,\n"," <tf.Tensor: shape=(5, 5), dtype=float32, numpy=\n"," array([[-0.3514068 ,  0.47631496,  0.52696466,  0.7645016 , -1.4084325 ],\n","        [-1.8613014 ,  1.0928144 , -0.29996362, -0.7382552 ,  1.2053189 ],\n","        [-0.3511434 ,  0.13897082,  0.32744762, -0.3579723 ,  1.230323  ],\n","        [-0.13087   , -0.44519424,  0.9551449 ,  0.24270573, -0.02293015],\n","        [-0.97063404, -0.7102746 ,  0.4939478 ,  2.1883757 , -0.4953925 ]],\n","       dtype=float32)>)"]},"metadata":{},"execution_count":22}]},{"cell_type":"code","source":["# shuffle without seeds\n","\n","tf.random.set_seed(42)\n","rand_tensor_1_sh = tf.random.shuffle(rand_tensor_1, seed=42)\n","rand_tensor_2_sh = tf.random.shuffle(rand_tensor_2, seed=2)\n","rand_tensor_3_sh = tf.random.shuffle(rand_tensor_3, seed=5)\n","rand_tensor_4_sh = tf.random.shuffle(rand_tensor_4, seed=6)\n","rand_tensor_5_sh = tf.random.shuffle(rand_tensor_5, seed=8)\n","\n","rand_tensor_1_sh, rand_tensor_2_sh, rand_tensor_3_sh, rand_tensor_4_sh, rand_tensor_5_sh"],"metadata":{"colab":{"base_uri":"https://localhost:8080/"},"id":"8jfEfFWVWCEe","executionInfo":{"status":"ok","timestamp":1684854023378,"user_tz":180,"elapsed":3,"user":{"displayName":"Agustìn Zanini","userId":"13145957333233395927"}},"outputId":"10f06d3c-bc64-4619-d55b-1009e8be3cda"},"execution_count":23,"outputs":[{"output_type":"execute_result","data":{"text/plain":["(<tf.Tensor: shape=(5, 5), dtype=float32, numpy=\n"," array([[ 1.2054597 ,  1.6874489 , -0.4462975 , -2.3410842 ,  0.99009085],\n","        [-0.7565803 , -0.06854702,  0.07595026, -1.2573844 , -0.23193763],\n","        [-1.8107855 ,  0.09988727, -0.50998646, -0.7535805 , -0.57166284],\n","        [ 0.1480774 , -0.23362993, -0.3522796 ,  0.40621263, -1.0523509 ],\n","        [-0.0876323 , -0.635568  , -0.6161736 , -1.9441465 , -0.48293006]],\n","       dtype=float32)>,\n"," <tf.Tensor: shape=(5, 5), dtype=float32, numpy=\n"," array([[ 1.5165398 ,  0.27305737, -0.29925638, -0.3652325 ,  0.61883307],\n","        [-1.3240396 ,  0.28785667, -0.8757901 , -0.08857018,  0.69211644],\n","        [ 0.04221033,  0.29037967, -0.29604465, -0.21134205,  0.01063002],\n","        [-1.0130816 ,  0.28291714,  1.2132233 ,  0.46988967,  0.37944323],\n","        [ 0.84215707, -0.06378496,  0.92800784, -0.6039789 , -0.1766927 ]],\n","       dtype=float32)>,\n"," <tf.Tensor: shape=(5, 5), dtype=float32, numpy=\n"," array([[-0.4390865 , -0.4129243 ,  0.35877243, -1.9095894 , -0.2094769 ],\n","        [ 0.3703566 , -1.0939722 , -0.4601445 ,  1.5420506 , -0.16822556],\n","        [ 0.88051325, -1.6833194 ,  0.86754173, -0.19625713, -1.322665  ],\n","        [ 0.8286217 , -0.06695071, -0.35105535,  1.0884082 , -1.3863064 ],\n","        [ 0.33149973, -0.5445254 ,  1.5222508 ,  0.59303206, -0.63509274]],\n","       dtype=float32)>,\n"," <tf.Tensor: shape=(5, 5), dtype=float32, numpy=\n"," array([[ 1.1456194 , -0.416     ,  0.43369916,  1.0241015 , -0.74785167],\n","        [-0.8035768 , -1.7166729 ,  0.3738578 , -0.14371012, -0.34646833],\n","        [ 0.1175475 ,  0.03493892, -1.5700307 ,  0.4457582 ,  0.10944034],\n","        [-0.54532146,  1.9302735 , -0.3151453 , -0.8761205 , -2.7316678 ],\n","        [-0.59090924, -1.2060374 ,  0.8307429 ,  1.0951619 ,  1.3672234 ]],\n","       dtype=float32)>,\n"," <tf.Tensor: shape=(5, 5), dtype=float32, numpy=\n"," array([[-0.13087   , -0.44519424,  0.9551449 ,  0.24270573, -0.02293015],\n","        [-1.8613014 ,  1.0928144 , -0.29996362, -0.7382552 ,  1.2053189 ],\n","        [-0.3514068 ,  0.47631496,  0.52696466,  0.7645016 , -1.4084325 ],\n","        [-0.3511434 ,  0.13897082,  0.32744762, -0.3579723 ,  1.230323  ],\n","        [-0.97063404, -0.7102746 ,  0.4939478 ,  2.1883757 , -0.4953925 ]],\n","       dtype=float32)>)"]},"metadata":{},"execution_count":23}]},{"cell_type":"markdown","source":["si no usamos ni seed de operacion ni global, vamos a obtener diferentes resultados en cada ejecucion de la operacion en cada ejecucion del programa entero.\n","si solo usamos seed global, vamos a obtener diferentes resultados en cada ejecucion de la operacion, pero si reiniciamos el programa vamos a obtener la misma secuencia de resultados\n","\n","al usar seed de operacion, hay un contador que da un resultado para cada iteracion de la operacion, es decir, devolvera un resultado diferente por cada incrementeo del contador, cada ejecucion de la operacion, para resetear el contador hay que setear una seed global"],"metadata":{"id":"zIfI9igub0I7"}},{"cell_type":"markdown","source":["ejemplo: si mezclamos poniendo un seed=42, cada vez que ejecutemos se va mezclar de forma diferente"],"metadata":{"id":"kro0x7FBeR9w"}},{"cell_type":"code","source":["tf.random.shuffle(not_shuffled, seed=42)"],"metadata":{"colab":{"base_uri":"https://localhost:8080/"},"id":"w72vhOIXeA2x","executionInfo":{"status":"ok","timestamp":1684854023773,"user_tz":180,"elapsed":6,"user":{"displayName":"Agustìn Zanini","userId":"13145957333233395927"}},"outputId":"c1984a63-be80-4348-b59b-49c20f44678a"},"execution_count":24,"outputs":[{"output_type":"execute_result","data":{"text/plain":["<tf.Tensor: shape=(3, 2), dtype=int32, numpy=\n","array([[10,  7],\n","       [ 3,  4],\n","       [ 2,  5]], dtype=int32)>"]},"metadata":{},"execution_count":24}]},{"cell_type":"markdown","source":["pero si agragamos la seed global antes, entonces en cada re-run obtendriamos el mismo resultado"],"metadata":{"id":"Y275ruSVeeuK"}},{"cell_type":"code","source":["tf.random.set_seed(42) # global level random seed\n","tf.random.shuffle(not_shuffled, seed=42) # operation level random seed"],"metadata":{"colab":{"base_uri":"https://localhost:8080/"},"id":"0ec-KcbYeN8m","executionInfo":{"status":"ok","timestamp":1684854024466,"user_tz":180,"elapsed":5,"user":{"displayName":"Agustìn Zanini","userId":"13145957333233395927"}},"outputId":"7cbf6dd3-bd0e-4842-8396-e2080fa9f4fc"},"execution_count":25,"outputs":[{"output_type":"execute_result","data":{"text/plain":["<tf.Tensor: shape=(3, 2), dtype=int32, numpy=\n","array([[10,  7],\n","       [ 3,  4],\n","       [ 2,  5]], dtype=int32)>"]},"metadata":{},"execution_count":25}]},{"cell_type":"markdown","source":["it looks like if we want our shuffled tensors to be in the same order, we've got to use the global level random seed as well as the operation level random seed\n","\n","> Rule 4: \"If both the global and the operation seed are set: Both seeds are used in conjunction to determine the random sequence.\""],"metadata":{"id":"0OxGIkr0e5OJ"}},{"cell_type":"markdown","source":["### Other ways to make tensors"],"metadata":{"id":"_G-ouJ99fkFS"}},{"cell_type":"code","source":["# create a tensor of all ones\n","tf.ones([10, 7])"],"metadata":{"colab":{"base_uri":"https://localhost:8080/"},"id":"MfBp7K8FfnGR","executionInfo":{"status":"ok","timestamp":1684854025902,"user_tz":180,"elapsed":8,"user":{"displayName":"Agustìn Zanini","userId":"13145957333233395927"}},"outputId":"e3f91f40-fde5-44e5-fce1-db6fe318f9f5"},"execution_count":26,"outputs":[{"output_type":"execute_result","data":{"text/plain":["<tf.Tensor: shape=(10, 7), dtype=float32, numpy=\n","array([[1., 1., 1., 1., 1., 1., 1.],\n","       [1., 1., 1., 1., 1., 1., 1.],\n","       [1., 1., 1., 1., 1., 1., 1.],\n","       [1., 1., 1., 1., 1., 1., 1.],\n","       [1., 1., 1., 1., 1., 1., 1.],\n","       [1., 1., 1., 1., 1., 1., 1.],\n","       [1., 1., 1., 1., 1., 1., 1.],\n","       [1., 1., 1., 1., 1., 1., 1.],\n","       [1., 1., 1., 1., 1., 1., 1.],\n","       [1., 1., 1., 1., 1., 1., 1.]], dtype=float32)>"]},"metadata":{},"execution_count":26}]},{"cell_type":"code","source":["# create a tensor of all zeros\n","tf.zeros(shape=(3, 4))"],"metadata":{"colab":{"base_uri":"https://localhost:8080/"},"id":"trZjws8YfyDZ","executionInfo":{"status":"ok","timestamp":1684854025903,"user_tz":180,"elapsed":7,"user":{"displayName":"Agustìn Zanini","userId":"13145957333233395927"}},"outputId":"9da7545e-f4b9-462f-836a-728e5c0abd69"},"execution_count":27,"outputs":[{"output_type":"execute_result","data":{"text/plain":["<tf.Tensor: shape=(3, 4), dtype=float32, numpy=\n","array([[0., 0., 0., 0.],\n","       [0., 0., 0., 0.],\n","       [0., 0., 0., 0.]], dtype=float32)>"]},"metadata":{},"execution_count":27}]},{"cell_type":"markdown","source":["### Turn numpyu arrays into tensors\n","\n","the main difference between numpy arrays and tensorflow tensors is that tensors can be run on a GPU (much faster for numerical computing)"],"metadata":{"id":"0Rug0cgXgGrW"}},{"cell_type":"code","source":["# you can also turn numpy arrays into tensors\n","import numpy as np\n","numpy_A = np.arange(1, 25, dtype=np.int32) # create a numpy array between 1 and 25\n","numpy_A\n","\n","# X = tf.constant(some_matrix) # capital for matrix\n","# y = tf.constant(vector) # non-capital for vector"],"metadata":{"colab":{"base_uri":"https://localhost:8080/"},"id":"EdnJ4-QZf56I","executionInfo":{"status":"ok","timestamp":1684854026342,"user_tz":180,"elapsed":2,"user":{"displayName":"Agustìn Zanini","userId":"13145957333233395927"}},"outputId":"dcfb545e-c837-412e-ede8-68754622fcaf"},"execution_count":28,"outputs":[{"output_type":"execute_result","data":{"text/plain":["array([ 1,  2,  3,  4,  5,  6,  7,  8,  9, 10, 11, 12, 13, 14, 15, 16, 17,\n","       18, 19, 20, 21, 22, 23, 24], dtype=int32)"]},"metadata":{},"execution_count":28}]},{"cell_type":"code","source":["A = tf.constant(numpy_A, shape=(3, 8))\n","B = tf.constant(numpy_A)\n","A, B"],"metadata":{"colab":{"base_uri":"https://localhost:8080/"},"id":"PgBjL2EQg0XP","executionInfo":{"status":"ok","timestamp":1684854026916,"user_tz":180,"elapsed":4,"user":{"displayName":"Agustìn Zanini","userId":"13145957333233395927"}},"outputId":"216cf184-6439-4dda-a72f-083d218798d8"},"execution_count":29,"outputs":[{"output_type":"execute_result","data":{"text/plain":["(<tf.Tensor: shape=(3, 8), dtype=int32, numpy=\n"," array([[ 1,  2,  3,  4,  5,  6,  7,  8],\n","        [ 9, 10, 11, 12, 13, 14, 15, 16],\n","        [17, 18, 19, 20, 21, 22, 23, 24]], dtype=int32)>,\n"," <tf.Tensor: shape=(24,), dtype=int32, numpy=\n"," array([ 1,  2,  3,  4,  5,  6,  7,  8,  9, 10, 11, 12, 13, 14, 15, 16, 17,\n","        18, 19, 20, 21, 22, 23, 24], dtype=int32)>)"]},"metadata":{},"execution_count":29}]},{"cell_type":"markdown","source":["### getting information from tensors\n","\n","when dealing with tensors you probably want to be aware of the following atributes:\n","* shape\n","* rank\n","* axis or dimension\n","* size\n","\n"],"metadata":{"id":"LYpdTS3Chlm6"}},{"cell_type":"code","source":["# create a rank 4 tensor (4 dimension)\n","rank_4_tensor = tf.zeros(shape=(2, 3, 4, 5))\n","rank_4_tensor"],"metadata":{"colab":{"base_uri":"https://localhost:8080/"},"id":"nBAIv-VFg3Kn","executionInfo":{"status":"ok","timestamp":1684854028157,"user_tz":180,"elapsed":7,"user":{"displayName":"Agustìn Zanini","userId":"13145957333233395927"}},"outputId":"c1e3a5a9-bb83-4e78-a831-e4794a5560e0"},"execution_count":30,"outputs":[{"output_type":"execute_result","data":{"text/plain":["<tf.Tensor: shape=(2, 3, 4, 5), dtype=float32, numpy=\n","array([[[[0., 0., 0., 0., 0.],\n","         [0., 0., 0., 0., 0.],\n","         [0., 0., 0., 0., 0.],\n","         [0., 0., 0., 0., 0.]],\n","\n","        [[0., 0., 0., 0., 0.],\n","         [0., 0., 0., 0., 0.],\n","         [0., 0., 0., 0., 0.],\n","         [0., 0., 0., 0., 0.]],\n","\n","        [[0., 0., 0., 0., 0.],\n","         [0., 0., 0., 0., 0.],\n","         [0., 0., 0., 0., 0.],\n","         [0., 0., 0., 0., 0.]]],\n","\n","\n","       [[[0., 0., 0., 0., 0.],\n","         [0., 0., 0., 0., 0.],\n","         [0., 0., 0., 0., 0.],\n","         [0., 0., 0., 0., 0.]],\n","\n","        [[0., 0., 0., 0., 0.],\n","         [0., 0., 0., 0., 0.],\n","         [0., 0., 0., 0., 0.],\n","         [0., 0., 0., 0., 0.]],\n","\n","        [[0., 0., 0., 0., 0.],\n","         [0., 0., 0., 0., 0.],\n","         [0., 0., 0., 0., 0.],\n","         [0., 0., 0., 0., 0.]]]], dtype=float32)>"]},"metadata":{},"execution_count":30}]},{"cell_type":"code","source":["rank_4_tensor[0]"],"metadata":{"colab":{"base_uri":"https://localhost:8080/"},"id":"TkqtigyrleOB","executionInfo":{"status":"ok","timestamp":1684854028157,"user_tz":180,"elapsed":5,"user":{"displayName":"Agustìn Zanini","userId":"13145957333233395927"}},"outputId":"4f98d8ce-3796-4c5d-88bf-5d2bace2da5a"},"execution_count":31,"outputs":[{"output_type":"execute_result","data":{"text/plain":["<tf.Tensor: shape=(3, 4, 5), dtype=float32, numpy=\n","array([[[0., 0., 0., 0., 0.],\n","        [0., 0., 0., 0., 0.],\n","        [0., 0., 0., 0., 0.],\n","        [0., 0., 0., 0., 0.]],\n","\n","       [[0., 0., 0., 0., 0.],\n","        [0., 0., 0., 0., 0.],\n","        [0., 0., 0., 0., 0.],\n","        [0., 0., 0., 0., 0.]],\n","\n","       [[0., 0., 0., 0., 0.],\n","        [0., 0., 0., 0., 0.],\n","        [0., 0., 0., 0., 0.],\n","        [0., 0., 0., 0., 0.]]], dtype=float32)>"]},"metadata":{},"execution_count":31}]},{"cell_type":"code","source":["rank_4_tensor.shape, rank_4_tensor.ndim, tf.size(rank_4_tensor)"],"metadata":{"colab":{"base_uri":"https://localhost:8080/"},"id":"RFSppgb-lfnJ","executionInfo":{"status":"ok","timestamp":1684854028616,"user_tz":180,"elapsed":6,"user":{"displayName":"Agustìn Zanini","userId":"13145957333233395927"}},"outputId":"0e8ee394-fab7-44bf-e10b-0d2b0f144a2c"},"execution_count":32,"outputs":[{"output_type":"execute_result","data":{"text/plain":["(TensorShape([2, 3, 4, 5]), 4, <tf.Tensor: shape=(), dtype=int32, numpy=120>)"]},"metadata":{},"execution_count":32}]},{"cell_type":"code","source":["# get various attriubutes of our tensor\n","\n","print(\"Datatype of every element:\", rank_4_tensor.dtype)\n","print(\"Number of dimension (rank):\", rank_4_tensor.ndim)\n","print(\"Shape of tensor:\", rank_4_tensor.shape)\n","print(\"Elements along the 0 axis:\", rank_4_tensor.shape[0])\n","print(\"Elements along the las axis:\", rank_4_tensor.shape[-1])\n","print(\"Total number of elements in our tensor:\", tf.size(rank_4_tensor).numpy())\n","print(\"Total number of elements in our tensor:\", tf.size(rank_4_tensor))"],"metadata":{"colab":{"base_uri":"https://localhost:8080/"},"id":"Spf-i3cnmiOk","executionInfo":{"status":"ok","timestamp":1684854029860,"user_tz":180,"elapsed":2,"user":{"displayName":"Agustìn Zanini","userId":"13145957333233395927"}},"outputId":"2f7e0e98-4967-470a-f7cc-33eaf8cea0f5"},"execution_count":33,"outputs":[{"output_type":"stream","name":"stdout","text":["Datatype of every element: <dtype: 'float32'>\n","Number of dimension (rank): 4\n","Shape of tensor: (2, 3, 4, 5)\n","Elements along the 0 axis: 2\n","Elements along the las axis: 5\n","Total number of elements in our tensor: 120\n","Total number of elements in our tensor: tf.Tensor(120, shape=(), dtype=int32)\n"]}]},{"cell_type":"markdown","source":["### Indexing tensors\n","\n","Tensors can be indexed just like Python lists"],"metadata":{"id":"j6nitWZwY09W"}},{"cell_type":"code","source":["some_list = [1, 2, 3, 4]\n","some_list"],"metadata":{"colab":{"base_uri":"https://localhost:8080/"},"id":"SGvyQX1BZEzj","executionInfo":{"status":"ok","timestamp":1684854030609,"user_tz":180,"elapsed":13,"user":{"displayName":"Agustìn Zanini","userId":"13145957333233395927"}},"outputId":"3cc53d7f-1315-4a4f-afb8-521f1447c690"},"execution_count":34,"outputs":[{"output_type":"execute_result","data":{"text/plain":["[1, 2, 3, 4]"]},"metadata":{},"execution_count":34}]},{"cell_type":"code","source":["# Get the first 2 elements of each dimension\n","rank_4_tensor[:2, :2, :2, :2]"],"metadata":{"id":"VX5ozkzcm7iC","colab":{"base_uri":"https://localhost:8080/"},"executionInfo":{"status":"ok","timestamp":1684854030610,"user_tz":180,"elapsed":13,"user":{"displayName":"Agustìn Zanini","userId":"13145957333233395927"}},"outputId":"96be5e20-3664-411a-cba2-d09ee1a160c8"},"execution_count":35,"outputs":[{"output_type":"execute_result","data":{"text/plain":["<tf.Tensor: shape=(2, 2, 2, 2), dtype=float32, numpy=\n","array([[[[0., 0.],\n","         [0., 0.]],\n","\n","        [[0., 0.],\n","         [0., 0.]]],\n","\n","\n","       [[[0., 0.],\n","         [0., 0.]],\n","\n","        [[0., 0.],\n","         [0., 0.]]]], dtype=float32)>"]},"metadata":{},"execution_count":35}]},{"cell_type":"code","source":["some_list[:1]"],"metadata":{"colab":{"base_uri":"https://localhost:8080/"},"id":"Q7eXfTyaZmi9","executionInfo":{"status":"ok","timestamp":1684854030610,"user_tz":180,"elapsed":9,"user":{"displayName":"Agustìn Zanini","userId":"13145957333233395927"}},"outputId":"ab692f52-7e20-4ede-995b-0dd33ef773d7"},"execution_count":36,"outputs":[{"output_type":"execute_result","data":{"text/plain":["[1]"]},"metadata":{},"execution_count":36}]},{"cell_type":"code","source":["rank_4_tensor.shape"],"metadata":{"colab":{"base_uri":"https://localhost:8080/"},"id":"UqGbOCwzZ3vh","executionInfo":{"status":"ok","timestamp":1684854030610,"user_tz":180,"elapsed":6,"user":{"displayName":"Agustìn Zanini","userId":"13145957333233395927"}},"outputId":"6ee6f34b-7e14-47ae-c2bc-646656c9e447"},"execution_count":37,"outputs":[{"output_type":"execute_result","data":{"text/plain":["TensorShape([2, 3, 4, 5])"]},"metadata":{},"execution_count":37}]},{"cell_type":"code","source":["# Get the first element from each dimension from each index except for the final one\n","rank_4_tensor[:1, :1, :1, :]"],"metadata":{"colab":{"base_uri":"https://localhost:8080/"},"id":"yppzlBATZJDk","executionInfo":{"status":"ok","timestamp":1684854030928,"user_tz":180,"elapsed":7,"user":{"displayName":"Agustìn Zanini","userId":"13145957333233395927"}},"outputId":"1dfac662-28f9-4e55-84ec-dc52aa495b38"},"execution_count":38,"outputs":[{"output_type":"execute_result","data":{"text/plain":["<tf.Tensor: shape=(1, 1, 1, 5), dtype=float32, numpy=array([[[[0., 0., 0., 0., 0.]]]], dtype=float32)>"]},"metadata":{},"execution_count":38}]},{"cell_type":"code","source":["rank_4_tensor[:1, :1, :, :1]"],"metadata":{"colab":{"base_uri":"https://localhost:8080/"},"id":"wiPwb6ZMZsVV","executionInfo":{"status":"ok","timestamp":1684854030928,"user_tz":180,"elapsed":6,"user":{"displayName":"Agustìn Zanini","userId":"13145957333233395927"}},"outputId":"e2ca8fa9-b4e7-46cd-ba1f-977a33b48cae"},"execution_count":39,"outputs":[{"output_type":"execute_result","data":{"text/plain":["<tf.Tensor: shape=(1, 1, 4, 1), dtype=float32, numpy=\n","array([[[[0.],\n","         [0.],\n","         [0.],\n","         [0.]]]], dtype=float32)>"]},"metadata":{},"execution_count":39}]},{"cell_type":"code","source":["# create a rank 2 tensor (2 dimensions)\n","rank_2_tensor = tf.constant([[10, 7],\n","                             [3, 4]])\n","rank_2_tensor.shape, rank_2_tensor.ndim"],"metadata":{"colab":{"base_uri":"https://localhost:8080/"},"id":"waVQvG5JZ9jz","executionInfo":{"status":"ok","timestamp":1684854031916,"user_tz":180,"elapsed":2,"user":{"displayName":"Agustìn Zanini","userId":"13145957333233395927"}},"outputId":"6d21d696-b1f4-4940-dff8-6e206f246cdb"},"execution_count":40,"outputs":[{"output_type":"execute_result","data":{"text/plain":["(TensorShape([2, 2]), 2)"]},"metadata":{},"execution_count":40}]},{"cell_type":"code","source":["rank_2_tensor"],"metadata":{"colab":{"base_uri":"https://localhost:8080/"},"id":"HT_A8pVtacsc","executionInfo":{"status":"ok","timestamp":1684854032457,"user_tz":180,"elapsed":12,"user":{"displayName":"Agustìn Zanini","userId":"13145957333233395927"}},"outputId":"8439eeae-db98-4425-f32d-dfcb5fae95d9"},"execution_count":41,"outputs":[{"output_type":"e